43
26
6
8
33
52
10
5
64
8
7
9
53
14
13
17
10
16
12
15
5
14
9
11
21
18
16
19
14
16
12
18
67
65
51
25
56
41
74
58
55
47
47
60
63
89
77
70
71
48
81
82
43
59
100
67
105
65
83
104
88
44
78
21
3
11
34
42
34
11
12
23
13
12
9
3
3
16
15
6
4
6
83
72
25
17
42
74
74
96
50
98
76
59
5
16
32
212
227
342
469
252
452
211
488
215
5
13
7
41
6
19
8
1
4
3
6
11
1
15
10
13
12
15
8
12
24
32
6
37
10
30
3
2
2
18
28
252
182
203
341
18
15
14
5
2
7
5
6
4
5
4
7
16
18
14
18
22
20
7
21
15
9.43
151
12.3
23.86
21.95
10.46
19.02
21.93
34.72
33.56
158.35
35.52
18.42
20.52
5.98
2.51
0.2
9.8
0.08
0.5
14.02
0.46
9.12
0.31
0.2
0.53
0.09
14.02
0.6
4.6
1.22
0.52
12.7
1.7
7.26
6.6
36
40
15
9
60
29
63
14
53
12
61
82
24
98
57
507
270
212
227
562
242
559
469
217
512
6
4
4
4
5
4
3
4
4
2
12
20
25
7
8
18
23
29
11
12
23.86
26.3
25.31
141.54
19.02
5.88
224.87
18.66
28.42
42.33
163.28
22.58
9.46
24.81
25.62
58
14
5
63
13
64
6
37
44
9
7
17
11
7
15
12
12
13
8
16
16
16
17
18
24
21
15
18
20
50
48
52
37
74
35
56
55
48
54
75
63
79
84
39
117
109
72
100
103
47
11
71
46
16
63
13
66
4
14
5
5
7
14
9
3
4
4
11
12
20
27
77
57
