43
26
6
8
33
52
10
5
64
8
7
9
53
14
13
17
10
16
12
15
5
14
9
11
21
18
16
19
14
16
12
18
65
56
41
74
77
70
71
48
81
82
43
59
100
67
105
65
83
104
88
44
78
21
3
11
34
42
34
11
12
23
13
12
9
3
3
16
15
6
4
6
83
72
25
17
42
74
74
96
50
98
76
59
5
16
32
212
227
342
469
252
452
211
488
215
5
13
7
41
6
19
8
1
4
3
6
11
1
15
10
13
12
15
8
12
24
32
6
37
10
30
3
2
2
18
28
252
182
203
341
18
15
14
5
2
7
5
6
4
5
4
7
16
18
14
18
22
20
7
21
15
9.43
151
12.3
23.86
21.95
10.46
19.02
21.93
34.72
33.56
158.35
35.52
18.42
20.52
5.98
2.51
4.05
0.2
9.8
0.08
0.5
14.02
0.46
9.12
0.31
0.2
0.53
0.09
14.02
0.6
4.6
1.22
0.52
12.7
1.7
7.26
6.6
4
2
23
26.3
24.81
5
63
9
7
7
12
16
16
17
18
24
21
15
18
20
63
39
11
16
4
14
5
5
7
14
3
4
4
12
