26
135
6
8
52
10
5
64
52
7
9
53
21
13
17
10
12
15
5
14
11
21
18
16
14
16
12
18
65
51
25
56
74
58
55
47
60
63
89
77
71
48
81
82
59
100
67
105
83
104
88
44
21
3
11
34
34
11
12
23
12
9
3
3
15
6
4
6
72
25
17
42
74
96
50
98
59
5
16
32
227
342
469
252
211
488
215
9
9
9
9
9
5
13
8
20
41
6
19
108
200
225
8
56
6
32
3
32
4
3
6
11
15
10
108
13
12
15
8
12
150
32
150
6
24
48
37
10
100
3
2
49
24
16
35
18
45
28
24
56
156
112.5
182
84
341
275
2208
3
2016
480
144
432
8
10
5
7
8
15
14
32
2
7
5
6
5
4
7
16
14
18
22
20
21
15
1150
184
307
900
665
190
9.43
151
12.3
23.86
10.46
19.02
21.93
34.72
158.35
35.52
18.42
36.78
5.98
2.51
99.52
19.8
0.26
26.21
1.37
4.05
7790
8564
11687
6755
7092
118558
48781
27004
64013
67082
106491
50870
65134
971639
19766
574
6279
1,460
5,703
8,317
523
5,855
2,515
6,029
6,699
3,220
3,731
5,110
2,713
4,133
2,454
1/2
2/3
1/3
1/4
5/8
1/10
2/3
1/4
3/5
4/5
9/10
5/6
3/5
3/8
3/5
1/5
5/8
5/8
1/8
3/5
7/8
1/3
1/3
1/10
9/10
3/4
3/8
1/10
7/10
5/8
3/10
1/4
7/10
7/8
11/12
8/9
5/12
3/4
3/4
5/6
2/3
5/6
3/4
7/10
8/9
11/12
3/4
2/3
5/6
5 2/3
3 2/3
6 1/2
15 1/10
3 1/4
9 4/5
5 1/3
10 1/3
18 4/5
1 1/3
1 5/6
3 1/2
1 1/3
4 1/3
14 3/4
10 2/3
9.8
0.08
0.5
14.02
9.12
0.31
0.2
0.53
14.02
0.6
4.6
1.22
12.7
1.7
7.26
6.6
40
15
9
60
63
14
61
53
61
82
24
98
507
270
212
227
242
559
469
217
6
4
4
4
4
3
4
4
12
20
25
7
18
23
29
11
23.86
26.3
25.31
141.54
5.88
224.87
18.66
28.42
163.28
22.58
9.46
24.81
25.62
58
14
5
13
64
6
37
9
7
17
11
15
12
12
13
16
16
16
17
24
21
15
18
50
48
52
37
35
56
55
48
75
63
79
84
117
109
72
100
47
11
71
46
63
13
66
4
5
5
7
14
3
4
4
11
20
27
77
57
